_target_: polynsd.models.sheaf_gnn.config.SheafModelArguments
device: cuda
d: 3
dropout: 0.019272087788040192
hidden_channels: 64
initial_dropout: 0.3512017167796448
input_dropout: 0.07999212600167775
layers: 6
