_target_: polynsd.models.sheaf_gnn.config.SheafModelArguments
device: cuda
d: 4
dropout: 0.09737414490518748
hidden_channels: 64
initial_dropout: 0.28534739542895965
input_dropout: 0.8391038790288524
layers: 6
